[[   20.9036245 ]
 [   26.42952038]
 [   49.76369472]
 [   72.5295354 ]
 [   49.8895097 ]
 [  115.00117919]
 [  129.32244113]
 [  149.49043189]
 [  139.79440298]
 [  186.53234567]
 [  198.1778728 ]
 [  235.58091816]
 [  236.72030544]
 [  289.42239227]
 [  292.39828363]
 [  290.88642293]
 [  334.0238699 ]
 [  330.38680103]
 [  391.41592439]
 [  383.77681272]
 [  407.52947457]
 [  439.50493461]
 [  461.88297945]
 [  457.05758575]
 [  492.20083772]
 [  501.52191504]
 [  544.38008276]
 [  563.6194535 ]
 [  569.41002613]
 [  589.46352569]
 [  604.97391178]
 [  652.27955579]
 [  629.78182685]
 [  659.63410533]
 [  692.00867509]
 [  700.48110021]
 [  751.52273493]
 [  760.23166488]
 [  782.100578  ]
 [  776.74534264]
 [  805.0094564 ]
 [  849.6356809 ]
 [  823.18922511]
 [  858.2395795 ]
 [  895.2016313 ]
 [  919.75385488]
 [  962.28853925]
 [  949.62178372]
 [  994.97763858]
 [ 1009.15705073]
 [ 1009.67129758]
 [ 1017.27912878]
 [ 1053.15762198]
 [ 1085.30054835]
 [ 1080.97600733]
 [ 1094.61190948]
 [ 1151.86013308]
 [ 1163.67014663]
 [ 1182.68155814]
 [ 1190.51126702]
 [ 1212.22571821]
 [ 1250.70587612]
 [ 1270.79742802]
 [ 1284.47325169]
 [ 1275.32290919]
 [ 1324.51062642]
 [ 1329.70220171]
 [ 1344.09185115]
 [ 1396.23280063]
 [ 1404.49291247]
 [ 1435.70291603]
 [ 1453.21454005]
 [ 1439.31817791]
 [ 1478.54572869]
 [ 1475.55075054]
 [ 1509.73941835]
 [ 1559.12368904]
 [ 1564.35558179]
 [ 1589.71695067]
 [ 1578.23318859]
 [ 1603.49183589]
 [ 1614.55996224]
 [ 1669.24301344]
 [ 1695.38316497]
 [ 1705.54580431]
 [ 1702.25485157]
 [ 1734.73432763]
 [ 1764.13869335]
 [ 1778.59543281]
 [ 1823.29455039]
 [ 1812.39807   ]
 [ 1859.04549844]
 [ 1874.3059862 ]
 [ 1866.44006875]
 [ 1906.23408939]
 [ 1898.32272086]
 [ 1943.9193611 ]
 [ 1942.03835266]
 [ 1979.12451029]
 [ 2016.12589644]]