[[  0.00000000e+00   4.72590613e-01]
 [  2.02020202e-02   3.56835492e-01]
 [  4.04040404e-02   6.70188094e-01]
 [  6.06060606e-02   9.38165881e-01]
 [  8.08080808e-02   2.67611522e-02]
 [  1.01010101e-01   1.25467920e+00]
 [  1.21212121e-01   1.15162534e+00]
 [  1.41414141e-01   1.13070971e+00]
 [  1.61616162e-01   3.00449808e-01]
 [  1.81818182e-01   8.23603671e-01]
 [  2.02020202e-01   4.21001633e-01]
 [  2.22222222e-01   6.25987542e-01]
 [  2.42424242e-01  -9.75423813e-02]
 [  2.62626263e-01   4.61901845e-01]
 [  2.82828283e-01  -2.11680515e-01]
 [  3.03030303e-01  -9.71755989e-01]
 [  3.23232323e-01  -5.75973174e-01]
 [  3.43434343e-01  -1.29854285e+00]
 [  3.63636364e-01  -3.45332423e-01]
 [  3.83838384e-01  -1.04537774e+00]
 [  4.04040404e-01  -8.96921097e-01]
 [  4.24242424e-01  -4.83013193e-01]
 [  4.44444444e-01  -2.56824235e-01]
 [  4.64646465e-01  -6.69516885e-01]
 [  4.84848485e-01  -5.54424227e-02]
 [  5.05050505e-01  -7.47908307e-02]
 [  5.25252525e-01   7.40222383e-01]
 [  5.45454545e-01   9.44763519e-01]
 [  5.65656566e-01   7.78428220e-01]
 [  5.85858586e-01   9.21576859e-01]
 [  6.06060606e-01   8.94644211e-01]
 [  6.26262626e-01   1.60029737e+00]
 [  6.46464646e-01   4.96771668e-01]
 [  6.66666667e-01   6.40211370e-01]
 [  6.86868687e-01   7.91193877e-01]
 [  7.07070707e-01   2.98937220e-01]
 [  7.27272727e-01   8.37982748e-01]
 [  7.47474747e-01   3.00650869e-01]
 [  7.67676768e-01   9.02847254e-02]
 [  7.87878788e-01  -7.86562653e-01]
 [  8.08080808e-01  -7.93552792e-01]
 [  8.28282828e-01  -3.48748539e-01]
 [  8.48484848e-01  -1.62739140e+00]
 [  8.68686869e-01  -1.30803701e+00]
 [  8.88888889e-01  -8.76989193e-01]
 [  9.09090909e-01  -6.93058351e-01]
 [  9.29292929e-01  -1.25621547e-03]
 [  9.49494949e-01  -6.39737073e-01]
 [  9.69696970e-01   2.10354267e-01]
 [  9.89898990e-01   3.04859067e-01]
 [  1.01010101e+00   6.58496405e-02]
 [  1.03030303e+00  -3.93508244e-03]
 [  1.05050505e+00   6.09222216e-01]
 [  1.07070707e+00   1.09098341e+00]
 [  1.09090909e+00   6.11304906e-01]
 [  1.11111111e+00   5.22327712e-01]
 [  1.13131313e+00   1.46052982e+00]
 [  1.15151515e+00   1.19887570e+00]
 [  1.17171717e+00   1.05667952e+00]
 [  1.19191919e+00   5.81570878e-01]
 [  1.21212121e+00   4.10839174e-01]
 [  1.23232323e+00   6.29876628e-01]
 [  1.25252525e+00   3.75076454e-01]
 [  1.27272727e+00  -3.80830827e-02]
 [  1.29292929e+00  -1.00383699e+00]
 [  1.31313131e+00  -4.78211339e-01]
 [  1.33333333e+00  -1.00680369e+00]
 [  1.35353535e+00  -1.24992972e+00]
 [  1.37373737e+00  -4.87488455e-01]
 [  1.39393939e+00  -7.57973605e-01]
 [  1.41414141e+00  -3.92415816e-01]
 [  1.43434343e+00  -3.12814066e-01]
 [  1.45454545e+00  -9.71322733e-01]
 [  1.47474747e+00  -2.67077097e-01]
 [  1.49494949e+00  -5.98392530e-01]
 [  1.51515152e+00   3.94882429e-03]
 [  1.53535354e+00   9.74048754e-01]
 [  1.55555556e+00   8.12788266e-01]
 [  1.57575758e+00   1.11356032e+00]
 [  1.59595960e+00   4.40987676e-01]
 [  1.61616162e+00   6.27093958e-01]
 [  1.63636364e+00   3.94729589e-01]
 [  1.65656566e+00   1.18928822e+00]
 [  1.67676768e+00   1.21114905e+00]
 [  1.69696970e+00   7.82561670e-01]
 [  1.71717172e+00  -2.19911046e-02]
 [  1.73737374e+00   4.20161524e-02]
 [  1.75757576e+00   1.90173510e-02]
 [  1.77777778e+00  -3.71578767e-01]
 [  1.79797980e+00   1.58089463e-02]
 [  1.81818182e+00  -9.50343279e-01]
 [  1.83838384e+00  -4.29452273e-01]
 [  1.85858586e+00  -6.35799256e-01]
 [  1.87878788e+00  -1.35756259e+00]
 [  1.89898990e+00  -8.23797482e-01]
 [  1.91919192e+00  -1.42145539e+00]
 [  1.93939394e+00  -6.26943469e-01]
 [  1.95959596e+00  -9.75136909e-01]
 [  1.97979798e+00  -3.17984725e-01]
 [  2.00000000e+00   3.53147411e-01]]